275,105
275,104
275,103
275,102
275,101
275,100
275,99
275,98
275,97
275,96
275,95
275,94
275,93
275,92
275,91
275,90
275,89
275,88
275,87
275,86
275,85
275,84
275,83
275,82
275,81
275,80
275,79
275,78
275,77
275,76
275,75
275,74
275,73
275,72
275,71
275,70
275,69
275,68
275,67
275,66
275,65
275,64
275,38
275,37
275,36
275,35
275,34
275,33
275,32
275,31
275,30
275,29
275,28
275,27
275,26
275,25
275,24
275,23
275,22
275,21
275,20
275,19
275,18
275,17
275,16
275,15
275,14
275,13
275,12
275,11
275,10
275,9
275,8
275,7
275,6
275,5
275,4
275,2
275,1
275,0
274,4
274,3
274,2
424,6
374,8
274,1
274,0
374,3
273,3
273,2
273,1
273,0
424,3
275,595
4,3
275,3
2,9
2,8
2,7
2,6
2,2
2,1
2,0
1,3
0,483
0,469
0,410
0,324
0,243
0,1
2,3
0,0
0,9
0,306
0,305
0,416
0,304
0,303
0,302
0,468
0,415
0,12
0,479
0,10
0,8
0,316
0,300
0,377
0,299
0,392
0,298
0,494
0,297
0,338
0,296
0,407
0,295
0,425
0,294
0,505
0,293
0,503
0,292
0,372
0,291
0,315
0,290
0,314
0,289
0,311
0,288
0,391
0,287
0,446
0,286
0,310
0,285
0,508
0,284
0,390
0,283
0,389
0,282
0,414
0,281
0,385
0,280
0,445
0,279
0,487
0,278
0,309
0,277
275,106
275,107
275,109
275,110
275,112
275,113
275,115
275,117
275,118
275,120
275,121
275,123
275,128
275,129
275,131
275,132
275,134
275,135
275,137
275,139
275,140
275,142
275,143
275,145
275,147
275,148
275,150
275,151
275,153
275,154
275,156
275,158
275,159
275,161
275,162
275,164
275,166
275,167
275,169
275,170
275,172
275,173
275,175
275,192
275,193
275,195
275,196
275,198
275,200
275,201
275,203
275,204
275,206
275,208
275,209
275,211
275,212
275,214
275,215
275,217
275,219
275,220
275,222
275,223
275,225
275,227
275,228
275,230
275,231
275,233
275,234
275,236
275,238
275,239
275,241
275,242
275,244
275,246
275,247
275,249
275,250
275,256
275,257
275,259
275,261
275,262
275,264
275,265
275,267
275,269
275,270
275,272
275,273
275,275
275,277
275,278
275,280
275,281
275,283
275,284
275,286
275,288
275,289
275,291
275,292
275,294
275,296
275,297
275,299
275,300
275,302
275,303
275,305
275,307
275,308
275,320
275,321
275,323
275,325
275,326
275,328
275,329
275,331
275,332
275,334
275,336
275,337
275,339
275,340
275,342
275,344
275,345
275,347
275,348
275,350
275,351
275,353
275,355
275,356
275,358
275,359
275,361
275,363
275,364
275,366
275,367
275,369
275,371
275,372
275,374
275,375
275,384
275,385
275,387
275,389
275,390
275,392
275,393
275,395
275,397
275,398
275,400
275,401
275,403
275,404
275,406
275,408
275,409
275,411
275,412
275,414
275,416
275,417
275,419
275,420
275,422
275,423
275,425
275,427
275,428
275,430
275,431
275,433
275,435
275,436
275,438
275,448
275,450
275,452
275,453
275,455
275,456
275,458
275,459
275,461
275,463
275,464
275,466
275,467
275,469
275,471
275,472
275,474
275,475
275,477
275,478
275,480
275,482
275,483
275,485
275,486
275,488
275,490
275,491
275,493
275,494
275,496
275,497
275,499
275,501
275,502
275,504
275,505
275,507
275,513
275,514
275,516
275,517
275,519
275,520
275,522
275,524
275,525
275,527
275,528
275,530
275,532
275,533
275,535
275,536
275,538
275,540
275,541
275,543
275,544
275,546
275,547
275,549
275,551
275,552
275,554
275,555
275,557
275,559
275,560
275,576
275,577
275,579
275,580
275,582
275,584
275,585
275,587
275,588
275,590
275,592
275,593
275,596
275,597
275,599
275,600
276,1
276,3
276,4
279,1
279,2
282,0
282,2
282,3
282,5
288,0
288,2
288,4
289,0
289,2
289,3
289,5
290,0
290,2
293,0
293,1
293,3
293,4
293,6
293,8
293,9
296,1
296,2
296,4
300,0
300,2
300,4
302,0
302,2
302,3
302,5
305,0
305,1
305,3
305,5
308,0
308,1
308,3
308,5
315,0
315,2
315,3
319,1
319,3
319,4
319,6
319,7
322,0
322,2
322,3
322,5
322,6
325,1
325,2
325,4
326,1
326,2
326,4
326,5
328,1
328,3
328,4
330,1
330,2
330,4
331,0
331,2
331,4
331,5
335,1
335,2
335,4
339,0
339,1
339,3
340,0
340,2
340,3
340,5
355,1
355,2
355,4
355,5
366,0
366,2
366,3
370,0
370,1
370,3
370,4
370,6
370,8
373,0
373,2
373,3
374,1
374,4
374,5
392,0
392,1
392,3
392,5
392,6
392,8
392,9
393,0
393,1
393,3
393,5
400,0
400,2
400,3
400,5
400,7
406,0
406,2
406,3
406,5
406,6
412,1
412,3
412,4
412,6
412,7
424,1
424,4
424,5
425,0
425,1
425,3
428,0
428,2
455,0
455,1
455,3
455,4
479,1
479,3
479,4
479,6
481,0
481,2
481,4
481,5
483,1
483,2
483,4
483,3
483,0
481,3
481,1
479,5
479,2
479,0
455,2
428,3
428,1
425,2
424,7
424,2
424,0
412,5
412,2
412,0
406,4
406,1
400,6
400,4
400,1
393,4
393,2
392,10
392,7
392,4
392,2
374,6
374,2
374,0
373,1
370,7
370,5
370,2
366,4
366,1
355,6
355,3
355,0
340,4
340,1
339,2
335,5
335,3
335,0
331,3
331,1
330,3
330,0
328,2
328,0
326,3
326,0
325,3
325,0
322,4
322,1
319,8
319,5
319,2
319,0
315,1
308,4
308,2
305,6
305,2
302,6
302,4
302,1
300,3
300,1
296,3
296,0
293,7
293,5
293,2
290,3
290,1
289,4
289,1
288,3
288,1
282,4
282,1
279,3
279,0
276,2
276,0
275,598
275,594
275,591
275,589
275,586
275,583
275,581
275,578
275,561
275,558
275,556
275,553
275,550
275,548
275,545
275,542
275,539
275,537
275,534
275,531
275,529
275,526
275,523
275,521
275,518
275,515
275,512
275,506
275,503
275,500
275,498
275,495
275,492
275,489
275,487
275,484
275,481
275,479
275,476
275,473
275,470
275,468
275,465
275,462
275,460
275,457
275,454
275,451
275,449
275,437
275,434
275,432
275,429
275,426
275,424
275,421
275,418
275,415
275,413
275,410
275,407
275,405
275,402
275,399
275,396
275,394
275,391
275,388
275,386
275,376
275,373
275,370
275,368
275,365
275,362
275,360
275,357
275,354
275,352
275,349
275,346
275,343
275,341
275,338
275,335
275,333
275,330
275,327
275,324
275,322
275,309
275,306
275,304
275,301
275,298
275,295
275,293
275,290
275,287
275,285
275,282
275,279
275,276
275,274
275,271
275,268
275,266
275,263
275,260
275,258
275,251
275,248
275,245
275,243
275,240
275,237
275,235
275,232
275,229
275,226
275,224
275,221
275,218
275,216
275,213
275,210
275,207
275,205
275,202
275,199
275,197
275,194
275,176
275,174
275,171
275,168
275,165
275,163
275,160
275,157
275,155
275,152
275,149
275,146
275,144
275,141
275,138
275,136
275,133
275,130
275,124
275,122
275,119
275,116
275,114
275,111
275,108
0,375
0,276
0,349
0,275
0,406
0,274
0,443
0,273
0,405
0,272
0,461
0,271
0,369
0,270
0,486
0,269
0,413
0,268
0,404
0,267
0,412
0,266
0,328
0,265
0,403
0,264
0,502
0,263
0,477
0,262
0,368
0,261
0,326
0,260
0,438
0,259
0,441
0,258
0,437
0,257
0,388
0,256
0,255
0,467
0,254
0,440
0,253
0,439
0,252
0,331
0,251
0,250
0,493
0,249
0,436
0,248
0,475
0,247
0,402
0,246
0,401
0,245
0,435
0,244
0,400
0,242
0,472
0,241
0,465
0,240
0,434
0,239
0,432
0,238
0,433
0,237
0,325
0,236
0,426
0,235
0,386
0,234
0,431
0,233
0,430
0,232
0,484
0,231
0,399
0,230
0,424
0,229
0,327
0,228
0,448
0,227
0,323
0,226
0,429
0,225
0,481
0,224
0,428
0,223
0,480
0,222
0,501
0,221
0,417
0,220
0,423
0,219
0,427
0,218
0,330
0,217
0,397
0,216
0,422
0,215
0,214
0,318
0,213
0,329
0,212
0,421
0,211
0,317
0,210
0,420
0,209
0,396
0,208
0,509
0,207
0,411
0,206
0,453
0,205
0,204
0,478
0,203
0,322
0,202
0,201
0,497
0,200
0,496
0,199
0,398
0,198
0,419
0,197
0,358
0,196
0,418
0,195
0,464
0,194
0,321
0,193
0,320
0,192
0,395
0,63
0,506
0,62
0,343
0,61
0,60
0,463
0,59
0,351
0,58
0,409
0,57
0,394
0,56
0,342
0,55
0,361
0,54
0,379
0,53
0,52
0,458
0,51
0,408
0,50
0,456
0,49
0,500
0,48
0,442
0,47
0,393
0,46
0,447
0,45
0,451
0,6
0,5
0,11
0,4
0,2
0,3
0,7
